9975881002496729301398685995299388215221802233256373759818208583605380355176602808756920652795431328236182219742713
8571869847011876318640317332517749041990479873508493582777597577770952407446026235003538755157154231
252103674368390668217050436952075522834639905279094617910314215099322361824575677301621162422230829587712062310337
4236453608185559566887667538301769677595647769190875382163272071724984999724968229304090394107684821759336589
1614571995524344149350638121867368932443228243757161835707329930325592886624378167354088555815596041737279227
1046771507697702691056575224313158821437263027541779451506923026298216868633199333552201213312721120774710115548213191
1142608557576983794677408615389272242699106902833170724420993275927973910017378596252220359491664477406769411557021785715859203
10344177139342817781169773421156001962187531404092121128846396106630682438987110853119030729568436506457849079707543143
7087863858559115805090102566696370195695538692741917267990554364519512079955917310959840003883044390051009022945171036099250547583
47188981339070433696604633780112339025998297490244427617370435912964236878568171361541849927258618485294894619778514240487
1618409689390414634742881042686035728517992133551237124575328737288683859182963277167097921764724606017507947438850193551961
87649443089826860148508469898243863601174223726934632865772715522407138563124188011855795391889413233572161421216473
4194401760774327281216507241443216314703069105963243020384423115609
46566246103545247893279365042433743977243069647685610553411467786137063482955074169688782481226353
75924555111819678671420680179472278353742029869856617919792403870189812800083547322190613184876180879506557912655603
13297777600247681207427511068516969806881160064198666124348099123938259867137308252217667207012736487897000439
1365698055467524582480930293597300427753480707710565412501126371573743165699665967993715317376538972596747845814220169
2453528006252772666872237159031417181192458422943990249542279561628198681423701341407866794159631614144666467473669
2394331001330621382645483217309432819230667584782012704576745055408808122445798645185546089281883421734625077
39845101126366708733317111378155423590733902269795196644536100982646714885519748552859711229488063209102688587389504214494403
