15400088830376507878215322608595588493490841086821946089632882758098684427664760976752552840177578391792577361
1417343372516015187866506425370630404253201539701727032452841330708012874157431482986667395666270193802610249653984654890316876767009
13047782206874745486957870962377089891094081281107207687077825237375888513077658572146802662448528994345072373779814658905749251381603644957041
2934803746003843763656011803662451077857868753161451443094679965568317638992041683134895264620956758218251
316363090234359088957021858983435356311901809636508127217920915359941831475481415041936792013128419
6540294286139414354533200659415603750816898115920827869480444166977
231225245163439834291335981769998216875836840452374079821510085737991830584497862430360615121269045282467399
58807901162220048888272484388539806673612480428114968486264067223395620222393665042017177490032029
24031139340218386808435284530872970051314179831140172590620132971328608319587634233888809195130838337129729663356911912605292128509
594179108701862115855903302657105570467992516393436221342384878023804288285763378497110536598997
460915089725358893510020374651975840987111153547113961212416266327988007961351723348856189273392962649917284721048124283756724483121891043233
125256309518030128482530014877196476193534840195488908207440557285040994128459098302937628159294193753271493428161589925595750299543667501278721343
3829698692121036158092737483558919255650155113450292397408458390218295706114218272869008069
486946638293789929161956581389791624958023039408979645863387158912750560714303084483859296392467465513
216464548377631097806059575204385498014163546640238892225739728814912249848392830953023754399452743512611172758188540728529523055690073913758699
92542640503606417646032384514567268119140869372198302352595135217203542242420380896126000494605036346873071478748488689172292963917219
348356093491104355290617305402101253140151078878948938480774579447082281710914104585369762783118241
722332018590308738808935629800190171625281277236011948435673483030427153409055554788927442904014023
91194986341182670264784610263053857812444072001506967551716003724550485655316880375886262091087387
34290598910122095539069494658696753321103271291253620536692660343146885741132192911145467034573446372767754707789765802217612316602037892921
8657249396789704490735536242621696665481079847479044572478148611237078834724263760657828900817379636709668699776929775062873
44770262725896717405508348155035556760943325882564833657406388187253823880917132569728317
5980885868734228365055588729594845351622022868264485021231347236222647134534842920216841701